
0
72
63
7
109
59
58
62
72
105
13
76
96
116
118
3
101
45
55
48
117
55
67
60
47
85
6
77
0
26
21
81
59
58
73
17
120
99
84
64
96
118
1
4
42
8
52
60
51
18
83
23
43
24
92
60
22
16
38
3
3
109
48
23
118
32
60
64
116
2
77
117
110
18
15
116
43
106
90
72
82
53
26
62
30
82
23
74
20
15
85
93
85
42
54
112
39
88
39
1
71
101
60
2
104
76
68
50
120
83
53
104
30
37
62
105
67
49
75
62
1
46
99
116
33
2
34
90
50
81
29
23
59
79
84
54
2
74
56
88
5
37
22
60
76
104
26
119
3
111
70
47
71
93
96
2
59
49
118
95
74
26
63
67
110
63
93
100
56
111
97
111
64
50
62
103
25
16
94
47
86
39
110
96
99
61
88
84
105
118
1
66
51
44
95
82
105
42
66
114
58
98
60
32
78
1
96
16
72
38
41
41
78
21
64
76
94
86
48
28
34
29
115
26
51
102
59
92
52
42
69
50
34
21
79
10
103
29
57
51
17
17
106
113
102
66
61
61
9
12
22
101
78
28
28
37
55
11
83
47
40
96
88
83
2
102
27
105
35
51
61
108
92
76
65
61
57
46
35
26
55
5
31
41
120
14
35
61
2
79
6
68
96
113
23
16
120
28
89
70
53
37
16
32
116
116
39
31
39
8
37
70
80
89
8
25
88
13
107
95
117
82
13
112
74
32
68
63
21
30
52
26
1
74
100
71
23
85
112
21
63
37
85
58
68
94
115
85
18
76
91
90
54
89
93
38
58
115
37
81
111
41
65
79
10
98
60
22
39
28
107
15
59
21
49
16
61
104
20
40
26
84
45
28
5
112
6
58
72
70
45
40
117
113
104
88
60
17
0
106
64
49
115
31
17
57
47
79
114
95
4
70
68
73
17
23
30
15
11
17
56
9
18
51
84
4
71
64
62
110
103
61
33
62
89
81
43
41
27
102
33
86
43
98
95
97
81
93
10
69
53
27
120
118
72
49
69
9
42
2
83
120
21
76
77
57
69
31
79
7
104
29
118
79
23
60
116
4
52
83
11
84
60
47
101
102
79
115
112
10
67
97
6
76
116
61
106
26
79
105
25
19
80
47
119
27
86
84
48
96
66
98
54
17
40
94
117
2
112
107
112
2
118
33
55
56
63
43
28
53
48
82
1
95
85
52
33
76
53
82
83
113
114
7
52
13
77
2
61
70
71
40
100
47
60
104
33
94
27
97
114
57
13
105
40
29
34
101
88
113
81
115
112
70
80
56
12
107
5
64
99
64
63
19
53
21
30
81
30
10
54
76
71
63
101
55
55
104
88
62
34
63
24
50
36
34
59
66
21
81
66
120
101
36
92
74
108
106
111
34
82
101
99
91
74
7
59
57
73
12
52
7
30
106
27
100
98
53
93
112
34
79
40
14
77
55
14
32
74
115
31
96
93
62
83
55
17
65
31
39
21
104
14
36
118
70
67
61
36
111
64
21
39
34
88
84
35
77
16
20
67
48
120
28
39
106
103
105
5
37
25
57
22
11
51
14
81
63
5
33
88
119
99
111
22
102
62
96
112
98
24
35
85
78
97
2
73
57
63
85
23
98
21
32
118
76
75
56
63
53
37
79
85
53
39
24
76
36
45
42
11
85
0
19
100
80
84
108
59
55
67
28
7
1
107
14
20
34
84
84
10
76
77
41
29
5
22
8
65
34
81
102
37
67
18
96
49
42
68
111
106
71
109
63
61
9
43
107
108
24
77
6
107
119
25
106
95
16
13
56
33
58
56
49
110
5
16
107
116
15
117
104
40
65
45
108
100
38
60
59
27
49
115
60
33
25
63
73
57
69
90
37
44
16
91
120
17
64
52
25
57
102
32
85
115
46
71
84
6
44
2
99
109
85
54
94
66
38
9
108
80
104
29
103
58
106
117
116
58
61
116
30
16
107
104
64
67
48
22
31
59
76
64
107
34
87
37
79
38
47
43
66
87
68
12
37
67
96
93
97
25
40
85
26
45
65
100
69
5
13
41
15
68
115
115
21
65
32
40
63
13
70
118
67
120
115
39
81
28
89
120
18
32
21
81
14
7
75
84
65
6
63
52
64
99
68
15
35
18
112
60
15
32
41
16
119
18
113
85
105
67
102
115
10
39
29
1
27
120
42
63
21
104
84
8
19
33
29
84
106
69
110
88
81
120
113
41
28
75
19
53
8
105
48
110
70
15
30
53
