0.3887179113490927
0.0370079601699187
0.35761626998852714
0.7883831368526892
0.153940935454416
0.25324670885820677
0.9601689687044178
0.3727445691352467
0.14220518395074955
0.4206181974102504
0.10141915275729063
0.296623283131876
0.8350672708149904
0.010691419902740806
0.9205184643785256
0.4470722442069591
0.2410917678758857
0.8678144093507797
0.14378487009753815
0.2497744394228243
0.5423886082294245
0.4186087224833288
0.07473113517524388
0.2822585084917397
0.001992687457032516
0.026255331833714757
0.4537154525081555
0.43035893317644247
0.6174679245713385
0.03281572652150666
0.9308971783521045
0.5027458615679714
0.5305319083496699
0.5963078244350606
0.5612196150486997
0.5474517481556574
0.2581612362631355
0.7739834879932866
0.4264306705172276
0.7246734492179993
0.3975519015807606
0.42923061418380903
0.2166917606578197
0.4817297622466302
0.5754729586737444
0.44674950176457673
0.3631137158590143
0.9489062041127764
0.06196606133184057
0.4291297393190697
0.10259809070012116
0.9290200424152448
0.6490070872357561
0.5176803860854925
0.6776511003258096
0.5888908074341436
0.10666055783287998
0.23134255432379125
0.7263762076086241
0.977502349070592
0.772421238006224
0.24974094384202172
0.8016412945929444
0.7934943929689108
0.6038517932359038
0.8799058946003062
0.8734541362792598
0.40372319629315745
0.3302890095976114
0.5409258340922724
0.6148702633274726
0.9749824851783265
0.17630551285336438
0.9767651502676397
0.24929538005255336
0.7225768660585972
0.9977775626421267
0.06470994212821535
0.7458341992594921
0.7022924429543915
0.5708241792145119
0.025380242326588975
0.18937612420345196
0.27641004491197296
0.2045462139920532
0.5599740317674416
0.22339772152675086
0.36975840137770355
0.8104085644672047
0.9413848855940635
0.5660007184867073
0.8984063231389389
0.054272591642030354
0.36806165635713406
0.733493321525304
0.3014441694528036
0.24149983330227964
0.9529552285102395
0.2708618571325778
0.9354066213917258
0.14121233384040532
0.5646236812267772
0.9847687074916289
0.20124039651067693
0.04270863072147013
0.3635442616706003
0.902251580389677
0.6653219710809263
0.9551989454308366
0.2839065952374822
0.9370881663250918
0.10888201076896165
0.011437007241735353
0.8996383012532544
0.5358294787568303
0.3942948252496369
0.8164896235279175
0.08314110572547728
0.8967940648849504
0.272042414102873
0.6947999566273105
0.6161914698070242
0.7078542314513495
0.7687650356683191
0.5318636879197415
0.44468682940919657
0.7326349892503975
0.5946604886714607
0.18125212307085836
0.5823948307479837
0.9897847335957146
0.08759715715467198
0.21337954005988458
0.7635897002173854
0.7162665473202816
0.5716568472981415
0.11932677328999763
0.8204361809863279
0.7831572491438783
0.6494246411621719
0.9511968232946335
0.41820836109307
0.7412312363834609
0.8701954801076733
0.7798924339983975
0.2199069121620908
0.21364446404957116
0.42036787021421884
0.2818694623187722
0.77156536351869
0.9243234680916532
0.9676471026586427
0.22833413375551925
0.40051186295520724
0.2532031523693058
0.5572819305036676
0.6435163662644638
0.201080015511943
0.8432462195209639
0.5064102016114409
0.9230650296338068
0.7457388933234034
0.4492162776483942
0.5716902174179166
0.25927573418686545
0.5043385155731276
0.9144653804022114
0.27574659726085793
0.3067749479254718
0.08014402117702235
0.8895361752274497
0.16956062812610206
0.14044930776675313
0.2785582505864367
0.6651680342382336
0.9807870346855343
0.20682198440612565
0.7129086958820792
0.2823346452682691
0.05208001130547413
0.15074288997340712
0.12140199201353363
0.9032311829725522
0.20886377930559186
0.11117332829895721
0.8203250118477466
0.27966654998250373
0.21258363559408522
0.32300916903423127
0.7507984735010935
0.03910671334332083
0.2533258403593909
0.6363018205351526
0.38986572716221124
0.42365305033581657
0.5147954884078975
0.8698992931142242
0.39142558342954104
0.06352942006073903
0.7049935671227379
0.7534441794862614
0.19849480857671375
0.3441906659290027
0.5875359953460861
0.57982951072326
0.02551248416131391
0.9349537125785051
0.9714084872506497
0.589627307906658
0.5478749133162956
0.08709247959328725
0.3210533070987729
0.5396687485595896
0.3556165562397554
0.38062585785039127
0.13403497560280764
0.8698690091425701
0.7291282964268694
0.7015677970611445
0.500134110781614
0.3755538962929371
0.5770321572998007
0.365197497601225
0.803569585679902
0.3169592506743464
0.43980693573894525
0.4659462479737273
0.3591509247247642
0.453238602940377
0.3074864457410482
0.7307871807446497
0.8835149077034842
0.5752280720804326
0.6257285643233044
0.3805529887635396
0.09420115563780684
0.7293820488645616
0.27177950479353963
0.7623955526194008
0.40217343528923877
0.4747068342832743
0.47033470799275845
0.806640852112408
0.6174951379484884
0.1951839972363848
0.5890242181925169
0.6825811428421478
0.8232184165050009
0.7020885867906519
0.5042266652166473
0.3802860513693218
0.08914872480949654
0.10377216430855796
0.7601427978163524
0.3293024754050229
0.4949973724291088
0.19489403372582415
0.05753630931317244
0.5801533069799392
0.011536898062476708
0.4227484135078593
0.7032756156695968
0.5208328691211828
0.14872499823009366
0.8252494043512126
0.5277873895159007
0.5780370405652315
0.9213648681737774
0.2032996711315016
0.4347590990043094
0.8616544641598085
0.6057212118396855
0.18968229909706968
0.1859039202068915
0.25108460055861326
0.964612393823643
0.807280374129185
0.24332867623774346
0.993237313782667
0.10385119190000647
0.5713418391516012
0.4930216105842643
0.48460784466406015
0.8895082168464367
0.1836719826778288
0.455202988567165
0.5436099801660922
0.9033229986935765
0.3910495109989558
0.1507590954200132
0.14438942302417657
0.2426902900495479
0.6358265244927424
0.13770573491949123
0.2796281067198597
0.08199956758293803
0.7135866837842627
0.35760450939395183
0.34738994579968263
0.8037084179370853
0.7708997855386163
0.3390814619940732
0.2158466532781732
0.6803810188458143
0.6256252430461926
0.994074337022951
0.9097621480812826
0.5430253827467816
0.5728808831160943
0.7121613168590198
0.6839026614550071
0.6064137083541569
0.551707594367708
0.7093003116393491
0.1010786456173196
0.6386728554512449
0.7906242904727235
0.6195352154204221
0.61631442280354
0.9602820896428683
0.8246821452093496
0.13170088565576565
0.08367911860669397
0.3367183950999819
0.08229035601004953
0.06788663048938615
0.5486033582783773
0.6893397447613305
0.07700066003675587
0.6763932616370346
0.6660434350840653
0.6906995902841677
0.6076010046338415
0.06914613239127088
0.09364502553268128
0.7333359748284876
0.26928367896314964
0.672002692681004
0.24909702053339344
0.465181966475553
0.009316463153538734
0.2761201317111982
0.8921552123716214
0.0700938531992017
0.4225602236551361
0.7795246616493067
0.09435448606793706
0.7385964969546466
0.9753395408157114
0.9902509347684875
0.29321767445529023
0.32179624392133666
0.37058809248125246
0.925896789310881
0.2928077994610234
0.9905131250127264
0.8228534335374963
0.889164360248409
0.26875958733120875
0.8320361428767044
0.09866094629987388
0.22493632680850617
0.06346561486273761
0.7085067684421682
0.795899769189316
0.07166124365074489
0.31588093561344255
0.37378716628249553
0.48530858372346375
0.6082997174326794
0.260449441989816
0.7997716552060989
0.017802437809748217
0.267809010928325
0.35094425956573516
0.8984509239259401
0.5132962272761616
0.13912028427878032
0.21755336748143883
0.3426405730605744
0.28984425937797986
0.3117896703267691
0.849330885048136
0.9861370645559149
0.26632977807524116
0.23098043191429762
0.30917335938549595
0.46316506828480286
0.1776020404772939
0.2251603069410566
0.7347697665118851
0.9073328574641149
0.2778726145842728
0.24487463469890214
0.8565123831802819
0.37191300492926016
0.07634684150702509
0.5081824364507337
0.7721455979932541
0.45611773260105637
0.0484804683854303
0.18681923480569407
0.257967829682771
0.8461395867924425
0.19691511753514068
0.4868765782208617
0.4676918822068509
0.9650798146228817
0.7980607944343808
0.4787656876648537
0.47260701386185144
0.692488246085524
0.6634575917017869
0.8134580093497453
0.7304757691512791
0.16209022339152213
0.7694624907423647
0.025473076712351772
0.2356376844919249
0.975377478643922
0.1644716956293083
0.4678101567080921
0.7990804660863703
0.7790915728271601
0.6498026010157425
0.04999646810972047
0.6347791174007354
0.046230037095616905
0.8485239067578617
0.8576520281348974
0.18739170991991272
0.07305686531864175
0.925935996758646
0.4204471582855396
0.9264404118718674
0.6587006438016191
0.4060683609545136
0.8650554022272262
0.6533945136450285
0.6692750720297492
0.24047436689520718
0.4406812732059324
0.7206122707609343
0.7050583891092658
0.5287678989515874
0.9369686770780875
0.4448864021946406
0.38711951435059755
0.06476087649544882
0.32757263066369247
0.913378265487708
0.35888037161451647
0.18772375359879945
0.5674030899489896
0.32601341640940584
0.9584556572070304
0.25520647248402517
0.847526600164817
0.9959520825300485
0.6592124255989611
0.42202013334249544
0.7689379772633758
0.13853506323265508
0.7988439898930251
0.3093944586862172
0.8348906556352337
0.6191468196371078
0.8213534848871289
0.5789902143903305
0.38120098807320546
0.9017245727851003
0.24169485100814092
0.38835919143049824
0.5649183778782371
0.5421827613324425
0.8094197039612977
0.19760932758812755
0.31397965961455576
0.7048106627845929
0.8955309253190848
0.4214455106114966
0.2039427286652894
0.3447396944739298
0.9558446099079045
0.9764219642259674
0.0726207076887666
0.8958670741061459
0.034514142467558795
0.8601548244878952
0.8094152565331577
0.5311601114847342
0.6629715326926306
0.5174087071752087
0.1633730307030723
0.3210559810899545
0.18239271279404257
0.8973843960638691
0.6024671232252654
0.9057095780890551
0.4718946841958098
0.787199301791559
0.22633083226130413
0.6181319054710798
0.300025097254903
0.21846592069195547
0.48564837988223175
0.34780047160587424
0.03370476842678216
0.48703826355853963
0.9936332262170576
0.8181117681519494
0.23663671375770878
0.600409562766346
0.02850179170141154
0.3660853442826898
0.7682959031307749
0.7729090804442716
0.42057621498984843
0.7590181174732752
0.35496582671485155
0.9257599509264292
0.3936272303884739
0.06032618477768059
0.24588965325054823
0.01722344419882904
0.587293725431615
0.06560104154467095
0.4904549064280942
0.42747017297970213
0.9258932683969597
0.36994569071125794
0.5764326658837422
0.5534815760156667
0.2186635855935114
0.6989454531132799
0.654643540025696
0.2312000986005266
0.37745177821202125
0.7381671755727351
0.34202408717777344
0.5953100435314675
0.9200949702181577
0.3298699176333725
0.14291944133505663
0.5114451827725568
0.991212088717894
0.5706487982199786
0.8575289602305756
0.7712833506547523
0.4768533994729648
0.04002312441935352
0.9567834253456919
0.8279023239004724
0.9154309265883998
0.11751886491764074
0.7945340154070295
0.9669353172179856
0.8145794834735757
0.10458446211778294
0.7007848424914189
0.4584784601722697
0.6720742253534545
0.6577182572302878
0.45380189567718543
0.41536671620803944
0.46865795159845713
0.860474820732593
0.36428377799081846
0.7953487686703855
0.651607156740748
0.11455617692247833
0.22138016133089677
0.22785541653774255
0.6600929132745224
0.9139838504711053
0.648196056989435
0.12047024767045389
0.8568688618263409
0.4813854772489423
0.9935214817534184
0.8058751042326071
0.3255457029703047
0.19172004551419197
0.7468774426991723
0.32695722625100676
0.3686874542823859
0.6863040027549149
0.6055709190323323
0.8259290013588159
0.6991916658584961
0.5887898159229572
0.7453031800370488
0.40272490202788236
0.2558925108631944
0.7747879611006162
0.549976822839064
0.7386048716333964
0.2940518867070815
0.21811169971844824
0.04169932411283772
0.7428071009593654
0.9023804053510196
0.5391637266781885
0.5185815766314789
0.9732571732491219
0.38045650903352646
0.5147723179310261
0.45578196881485544
0.6067547847189171
0.9738892317162008
0.9738242112937907
0.5543482750365644
0.2897233109567382
0.3092953565086063
0.6993298148739716
0.9327604050614849
0.2875213133170027
0.49713963383793447
0.1850961793314213
0.8476797289218844
0.9684795275620915
0.27771263030420335
0.3539714981966674
0.0032610466740190525
0.8082405786869437
0.7739972221072945
0.6346646352205878
0.46248606427932326
0.7806430069011441
0.3849016551419834
0.11543162213760672
0.4093277287553171
0.21330481412842472
0.10331355736043679
0.8454606680749731
0.5271570059560006
0.9292266299707064
0.07565581443792357
0.7385757826634107
0.556655045166503
0.7701476216288773
0.5331014793211614
0.9489187993678347
0.6755951943122648
0.4030521888680717
0.31933235510476343
0.03455789026584577
0.7032108738785846
0.648139074110434
0.1157011267014153
0.702510360072314
0.773466961117769
0.4347286566795725
0.12188485223006162
0.4374563455652154
0.04440413839303192
0.8909986655906739
0.388592984932454
0.8564588909783286
0.21482638377431795
0.004101653247372883
0.21862073852044706
0.20329539094269988
0.10495451280173707
0.7491328694473054
0.053514122410729725
0.9985439510531956
0.32426933474913155
0.5785802653702601
0.04534039653490496
0.4953578386669234
0.09761978340427013
0.6883028617081699
0.07653388417599971
0.25589952872333177
0.6497734272635998
0.5317476966438777
0.335513555496013
0.8596957820366717
0.15893741799065908
0.6410294899316773
0.6817454497748816
0.4827134185924402
0.18138037295550014
0.9316617043304862
0.9411498259780954
0.8447451845312373
0.6221367188092799
0.3171409328403486
0.9612290846430941
0.8127336467148168
0.7808767643184596
0.6402513953212416
0.7250191366129505
0.7689506480165095
0.7373774025229316
0.6398699450080625
0.07394390154154362
0.7054882398839628
0.3576296858779243
0.9152162566246916
0.6218785410336728
0.890306873396476
0.4994712588441623
0.6239065713479343
0.25620395392891326
0.8651248020347484
0.5757333084684493
0.9558341340055099
0.21636174779308914
0.48172271987748305
0.4932428429116289
0.26181262220439694
0.11639503822166097
0.6607756940304105
0.12762298233028246
0.08408386284381686
0.4351873422884328
0.566114324080854
0.9166857264386898
0.23520429298531376
0.936588466408336
0.9273556450110816
0.8593124991023144
0.5024893765978147
0.2013422247921275
0.3151335204473431
0.192070240344268
0.5171090775766588
0.9537082381231886
0.27569746491526115
0.282411478013623
0.8200910341929875
0.14789625597204648
0.3654375994859278
0.8251592562489274
0.18190321791456388
0.8429074042594007
0.2909326341968629
0.25807858360359015
0.7879507011479516
0.7391047159575074
0.5564070848946736
0.42268811090955394
0.9892360997275912
0.875810311997235
0.2480225521079591
0.8880671651943675
0.9355969143560766
0.3964543820698495
0.8432172606323701
0.028264811193649986
0.5583474270420945
0.4762769033070422
0.22334707800882125
0.8980192415125076
0.049816002231283796
0.4773098983290833
0.38917010661692775
0.18684712285553473
0.1991840995535913
0.1463449744914571
0.7312563482410579
0.04816454734340636
0.6871958105121122
0.20381629400952161
0.091192619998397
0.3979523603404931
0.7167223050820422
0.9850072319284005
0.2644922869586097
0.3565803346473755
0.1618280767958129
0.8897142573006546
0.0424080838250509
0.8677564585274237
0.7549016543564124
0.2724788057100558
0.367385979716917
0.1701686673727325
0.6995757241169481
0.06272428211650227
0.6856861035881989
0.7202384342086725
0.49657729502950665
0.8426118998772458
0.12073712704934458
0.3685070439557575
0.7003113774125796
0.33015569061267847
0.6620780554205602
0.07752646804031416
0.7858963329795497
0.21611350171469756
0.16728196289801722
0.23572913889696978
0.29953327633097393
0.08539728275374625
0.6080439825007021
0.669601915927243
0.9895048777791173
0.7172228213560422
0.6566557433694398
0.7855911323251235
0.6707649552811346
0.402945339818621
0.40537724816224474
0.883517502928079
0.16299180941988967
0.046504138294878095
0.738756078923347
0.5748807244121792
0.7601448269271854
0.7196257108348595
0.6377332132283356
0.41228589688554085
0.33897573963602434
0.0324119272164175
0.48441350603780253
0.2903244898151678
0.3946118686615626
0.14966573118132842
0.2576681790148705
0.9135950415271618
0.0032411382547526957
0.5342839322954686
0.36227540009563397
0.644149961203044
0.9550939431418093
0.5312727396029985
0.7180947219619324
0.3385061556693566
0.07533020967570281
0.7194189208142376
0.6508093498637451
0.3634590134658604
0.056104587346482604
0.5523750546360656
0.07205998171189121
0.8402911582493265
0.9599963632476846
0.18689507581834952
0.41433272860974246
0.3085681255510764
0.9231549576971599
0.5531818116086934
0.7947527380209924
0.4235654034660685
0.48592598930431063
0.6607853488826376
0.9219740979396766
0.00547263541671239
0.409386788053794
0.853217841590546
0.3316459202792632
0.74387204617072
0.7981343622754457
0.22542600837658167
0.6384731868519172
0.1275903638804916
0.8428329363716961
0.7004901946220834
0.6266804967842745
0.7178742868659557
0.5204421665690206
0.3253948160596567
0.16572535776244535
0.7119416259971292
0.14571141408030042
0.19044176589046613
0.13439720127907195
0.8543119133122139
0.7544389211256213
0.002854702318019875
0.7639770710285809
0.1449212218097492
0.9171597049399864
0.7523491859765902
0.06992217055968386
0.46587815713247216
0.7313392991514882
0.09491958893963648
0.33157840128746274
0.20281919413959182
0.420814857655179
0.05082066480809577
0.9007130028165841
0.17217317065463977
0.1831390138131076
0.36369834149798086
0.9721989606741053
0.6822462656349553
0.6686463750668422
0.4000501532307458
0.33397106464635873
0.3538905074617349
0.7494759758263884
0.7816732990757382
0.528413453598703
0.4056202733569577
0.0424475555659386
0.03848407062656567
0.3036268171682731
0.4683927256244024
0.9866034905811519
0.44506934104689977
0.7105630914881369
0.6368700123119645
0.14439192957135982
0.8615570742498465
0.7108039668302488
0.38683235552490525
0.7948814466030892
0.8378700802097085
0.6997991592265801
0.1925125454379445
0.8180607521877066
0.46015263442166454
0.9216689356674646
0.16297464181979116
0.33119177870617456
0.4191373282533659
0.3542149393484133
0.7832602349924072
0.5313480831277111
0.5624452414313086
0.27657189618234346
0.8938780853835283
0.7226846270242658
0.7562897746504408
0.3969723378724124
0.3713139030264744
0.5626494522675874
0.2267800306370098
0.11438535151908313
0.5825890979227657
0.14826109529527243
0.6769977029607274
0.2153291719612611
0.5784982492328676
0.6817404705567459
0.38324628653591475
0.06594699038922791
0.1630073389958947
0.10419929035693998
0.16234945467049533
0.14947393268192433
0.4303958071924934
0.26675173482744574
0.5716010816822749
0.6205126409592461
0.09707734032241011
0.9203296281840206
0.9539462186837181
0.40007360307132855
0.9716356790661177
0.04864602114737504
0.9731992653546341
0.2191257029793251
0.20446339689868165
0.8431655445334937
0.09758129617347855
0.9334413075299802
0.5374932776017474
0.9246043015252433
0.08458605040040568
0.3788094560590539
0.6348632478482457
0.25239624372811764
0.8961599495235593
0.013229708024095399
0.7169574123617581
0.531726615865282
0.630408331202235
0.6014882135872706
0.14311757867729447
0.8271474522816249
0.9945164991584792
0.23755666234855088
0.2924208670839994
0.5224541775185445
0.5633012866683429
0.07154392136742194
0.07727081570940675
0.7284162819046174
0.5687843523088892
0.2104691269864557
0.6911507678280124
0.7331189454925763
0.24840624472905304
0.39591407360816566
0.739740058105682
0.11408707011472718
0.8429756796646529
0.2266518123670721
0.7336949707769802
0.6870267808970272
0.18017604186673464
0.8906375229888188
0.031748072729741006
